algorithm: (131,470) -> (131,478); (217,245) -> (217,253); (316,263) -> (316,271);
array: (221,168) -> (221,172);
binary: (289,141) -> (294,141);
boolean: (415,451) -> (415,457); (204,273) -> (210,273);
byte: (491,300) -> (491,303); (239,92) -> (242,92);
cache: not found
class: (428,34) -> (428,38); (450,332) -> (450,336);
code: (153,365) -> (153,368); (437,34) -> (440,34); (344,217) -> (347,217); (184,427) -> (187,427);
compile: (379,100) -> (379,106);
data: (287,203) -> (287,206); (487,453) -> (487,456); (358,129) -> (361,129);
debug: not found
double: (417,181) -> (422,181);
edge: (96,31) -> (99,31); (486,132) -> (489,132); (330,216) -> (333,216);
error: (115,115) -> (115,119); (473,188) -> (473,192); (414,465) -> (418,465);
exception: (6,205) -> (14,205); (210,310) -> (218,310); (103,422) -> (111,422);
false: (65,182) -> (65,186);
float: not found
function: (111,243) -> (118,243); (53,324) -> (60,324); (354,483) -> (361,483);
graph: (287,338) -> (287,342); (366,325) -> (366,329); (423,198) -> (423,202); (139,406) -> (143,406);
hash: (303,71) -> (303,74); (475,79) -> (478,79);
heap: (259,244) -> (259,247);
index: (378,467) -> (378,471);
input: (492,309) -> (492,313); (385,357) -> (389,357);
integer: (184,79) -> (190,79);
leaf: (428,482) -> (428,485);
list: (272,12) -> (272,15); (297,350) -> (297,353); (51,112) -> (54,112); (219,213) -> (222,213);
logic: (11,396) -> (11,400); (281,301) -> (285,301);
loop: (461,386) -> (461,389); (442,42) -> (445,42);
map: (14,27) -> (14,29); (103,303) -> (103,305); (112,229) -> (112,231); (180,486) -> (180,488); (203,368) -> (203,370); (338,256) -> (338,258); (381,318) -> (381,320); (406,335) -> (406,337); (416,93) -> (416,95); (441,350) -> (441,352); (347,102) -> (349,102); (456,112) -> (458,112); (495,125) -> (497,125); (227,147) -> (229,147); (358,151) -> (360,151); (254,159) -> (256,159); (50,229) -> (52,229); (281,262) -> (283,262); (486,274) -> (488,274); (236,302) -> (238,302); (472,310) -> (474,310); (470,317) -> (472,317); (351,324) -> (353,324); (424,339) -> (426,339); (155,361) -> (157,361); (412,392) -> (414,392); (224,427) -> (226,427); (82,469) -> (84,469); (217,474) -> (219,474); (265,478) -> (267,478);
memory: (396,485) -> (396,490); (194,420) -> (199,420);
method: (179,221) -> (179,226); (385,394) -> (385,399);
mutex: (174,17) -> (174,21);
network: (16,110) -> (16,116);
node: (283,175) -> (286,175);
null: (17,52) -> (17,55); (35,450) -> (35,453); (465,248) -> (465,251); (198,342) -> (201,342); (77,394) -> (80,394);
object: (9,394) -> (9,399); (441,76) -> (446,76); (149,464) -> (154,464);
output: (334,300) -> (334,305);
pointer: (214,306) -> (220,306);
private: (467,204) -> (473,204); (88,373) -> (94,373); (405,438) -> (411,438);
process: (246,167) -> (246,173); (255,439) -> (255,445); (348,180) -> (348,186);
public: (285,455) -> (285,460); (479,313) -> (484,313);
query: (343,36) -> (343,40); (470,80) -> (474,80);
queue: not found
read: (69,37) -> (69,40); (176,203) -> (179,203);
reference: not found
return: (133,466) -> (133,471);
root: (253,419) -> (253,422); (169,415) -> (172,415);
run: (27,243) -> (27,245); (32,188) -> (32,190); (35,387) -> (35,389); (45,390) -> (45,392); (66,85) -> (66,87); (66,446) -> (66,448); (109,319) -> (109,321); (179,322) -> (179,324); (240,148) -> (240,150); (290,494) -> (290,496); (320,313) -> (320,315); (402,159) -> (402,161); (423,307) -> (423,309); (484,406) -> (484,408); (132,40) -> (134,40); (242,131) -> (244,131); (26,247) -> (28,247); (216,276) -> (218,276); (125,409) -> (127,409);
search: not found
server: (20,81) -> (20,86); (491,454) -> (491,459);
set: (1,289) -> (1,291); (4,390) -> (4,392); (152,356) -> (152,358); (158,415) -> (158,417); (175,491) -> (175,493); (207,285) -> (207,287); (320,5) -> (320,7); (325,217) -> (325,219); (337,414) -> (337,416); (383,399) -> (383,401); (400,221) -> (400,223); (424,281) -> (424,283); (441,150) -> (441,152); (294,12) -> (296,12); (141,41) -> (143,41); (317,73) -> (319,73); (404,131) -> (406,131); (403,142) -> (405,142); (298,156) -> (300,156); (235,161) -> (237,161); (487,177) -> (489,177); (31,220) -> (33,220); (237,354) -> (239,354); (112,356) -> (114,356); (305,406) -> (307,406); (475,408) -> (477,408); (310,446) -> (312,446); (386,448) -> (388,448); (280,457) -> (282,457); (422,470) -> (424,470); (387,473) -> (389,473); (231,484) -> (233,484); (182,485) -> (184,485);
socket: (91,15) -> (91,20);
sort: (258,496) -> (258,499); (377,186) -> (380,186); (41,218) -> (44,218);
stack: (322,98) -> (322,102);
static: (220,134) -> (220,139); (479,89) -> (479,94);
string: (334,481) -> (334,486); (375,243) -> (375,248); (290,17) -> (295,17);
struct: not found
switch: (360,445) -> (360,450);
system: not found
table: (208,132) -> (208,136); (28,10) -> (32,10);
test: (83,114) -> (83,117); (384,406) -> (384,409); (38,36) -> (41,36);
thread: (69,35) -> (69,40);
tree: (449,258) -> (452,258); (171,300) -> (174,300); (397,458) -> (400,458);
true: (44,60) -> (44,63); (420,43) -> (423,43); (204,386) -> (207,386);
type: (482,37) -> (482,40); (150,375) -> (153,375); (0,475) -> (3,475);
variable: (159,171) -> (166,171);
vector: not found
virtual: (315,147) -> (315,153); (366,298) -> (366,304);
void: (347,135) -> (347,138); (360,460) -> (363,460);
while: (464,386) -> (464,390); (341,241) -> (345,241); (293,257) -> (297,257);
write: (1,455) -> (1,459); (175,49) -> (175,53); (373,428) -> (373,432);
aho: (13,276) -> (13,278); (56,69) -> (56,71); (152,186) -> (152,188); (160,405) -> (160,407); (184,268) -> (184,270); (187,67) -> (187,69); (197,406) -> (197,408); (210,469) -> (210,471); (216,270) -> (216,272); (235,456) -> (235,458); (390,186) -> (390,188); (430,466) -> (430,468); (120,96) -> (122,96); (317,133) -> (319,133); (426,216) -> (428,216); (380,222) -> (382,222); (44,253) -> (46,253); (290,311) -> (292,311); (117,361) -> (119,361);
corasick: not found
boyer: not found
moore: (271,343) -> (275,343);
rabin: (64,390) -> (64,394); (402,156) -> (406,156);
karp: (393,403) -> (393,406); (310,411) -> (313,411); (172,482) -> (175,482);
kmp: (4,130) -> (4,132); (16,99) -> (16,101); (44,36) -> (44,38); (61,251) -> (61,253); (125,373) -> (125,375); (185,243) -> (185,245); (312,367) -> (312,369); (378,8) -> (378,10); (396,5) -> (398,5); (243,61) -> (245,61); (236,111) -> (238,111); (35,144) -> (37,144); (237,150) -> (239,150); (253,206) -> (255,206); (212,213) -> (214,213); (72,313) -> (74,313); (101,384) -> (103,384); (258,389) -> (260,389); (209,488) -> (211,488);
naive: (354,53) -> (354,57); (403,11) -> (407,11); (259,138) -> (263,138);
brute: (465,276) -> (465,280); (364,43) -> (368,43); (315,333) -> (319,333);
force: (119,247) -> (119,251); (339,189) -> (339,193); (132,216) -> (136,216);
match: (379,482) -> (379,486); (435,200) -> (439,200);
pattern: (431,112) -> (431,118);
text: not found
grid: (389,73) -> (389,76); (427,136) -> (427,139); (365,433) -> (368,433); (42,463) -> (45,463);
matrix: (28,155) -> (28,160); (132,165) -> (132,170);
row: (21,228) -> (21,230); (26,75) -> (26,77); (58,31) -> (58,33); (105,337) -> (105,339); (126,83) -> (126,85); (181,292) -> (181,294); (291,100) -> (291,102); (299,30) -> (299,32); (339,394) -> (339,396); (342,431) -> (342,433); (353,428) -> (353,430); (362,357) -> (362,359); (372,263) -> (372,265); (373,388) -> (373,390); (377,493) -> (377,495); (458,147) -> (458,149); (465,161) -> (465,163); (479,143) -> (479,145); (381,1) -> (383,1); (18,21) -> (20,21); (399,39) -> (401,39); (289,82) -> (291,82); (89,219) -> (91,219); (123,223) -> (125,223); (22,225) -> (24,225); (445,291) -> (447,291); (147,299) -> (149,299); (435,310) -> (437,310); (319,325) -> (321,325); (8,353) -> (10,353); (324,376) -> (326,376); (329,410) -> (331,410); (465,484) -> (467,484); (124,498) -> (126,498);
column: (139,187) -> (139,192); (14,385) -> (19,385);
cell: (32,64) -> (32,67); (193,176) -> (196,176); (176,236) -> (179,236);
cpu: (103,19) -> (103,21); (143,455) -> (143,457); (229,146) -> (229,148); (253,57) -> (253,59); (287,164) -> (287,166); (297,137) -> (297,139); (315,352) -> (315,354); (315,381) -> (315,383); (445,8) -> (445,10); (449,438) -> (449,440); (452,185) -> (452,187); (483,190) -> (483,192); (270,19) -> (272,19); (464,25) -> (466,25); (442,32) -> (444,32); (104,59) -> (106,59); (186,64) -> (188,64); (265,64) -> (267,64); (146,79) -> (148,79); (212,112) -> (214,112); (50,122) -> (52,122); (191,261) -> (193,261); (203,291) -> (205,291); (415,299) -> (417,299); (271,311) -> (273,311); (27,329) -> (29,329); (293,373) -> (295,373); (210,386) -> (212,386); (244,386) -> (246,386); (141,405) -> (143,405); (443,409) -> (445,409); (240,414) -> (242,414); (320,416) -> (322,416); (217,417) -> (219,417); (415,487) -> (417,487);
ram: (46,188) -> (46,190); (130,130) -> (130,132); (182,226) -> (182,228); (296,207) -> (296,209); (313,418) -> (313,420); (409,277) -> (409,279); (450,403) -> (450,405); (75,12) -> (77,12); (237,28) -> (239,28); (213,31) -> (215,31); (403,39) -> (405,39); (217,95) -> (219,95); (283,97) -> (285,97); (109,123) -> (111,123); (495,128) -> (497,128); (247,137) -> (249,137); (419,159) -> (421,159); (50,196) -> (52,196); (60,226) -> (62,226); (365,285) -> (367,285); (345,384) -> (347,384); (135,405) -> (137,405); (365,409) -> (367,409); (417,434) -> (419,434); (143,459) -> (145,459); (406,461) -> (408,461); (396,465) -> (398,465); (215,474) -> (217,474); (178,477) -> (180,477);
disk: (91,305) -> (91,308); (183,313) -> (183,316); (143,389) -> (146,389);
file: (291,204) -> (291,207); (388,8) -> (388,11); (241,247) -> (244,247);
bits: (465,421) -> (465,424); (30,147) -> (33,147); (34,177) -> (37,177); (310,330) -> (313,330);
bytes: (239,92) -> (243,92);
mega: (323,6) -> (323,9); (175,257) -> (178,257); (462,478) -> (465,478);
giga: (460,134) -> (460,137); (472,245) -> (475,245); (72,350) -> (75,350); (34,351) -> (37,351);
tera: (204,85) -> (204,88); (126,52) -> (129,52); (440,376) -> (443,376);
pixel: (103,98) -> (103,102);
hcmus: (164,140) -> (164,144); (134,223) -> (138,223); (9,350) -> (13,350);

------------------------------
Algorithm: bm
Comparisons: 11621829
Execution Time: 166.454 ms
